2
3
4
5
6
7
6
5
4
3
4
3
2
3
4
5
6
7
8
7
8
7
6
5
6
5
6
7
8
9
10
11
12
13
14
15
16
17
18
17
18
19
20
21
22
23
24
25
26
27
28
27
26
25
24
25
26
27
28
29
30
31
32
33
34
35
36
37
38
39
40
39
40
41
42
43
42
41
40
39
38
java.io.FileNotFoundException: http://www.cis.upenn.edu/~matuszek/General/fall-2010-schedule.html
java.io.FileNotFoundException: http://www.cis.upenn.edu/~matuszek/cit594-2012/Pages/textbooks.html
37
36
35
34
33
34
35
36
37
38
39
40
41
42
43
44
45
46
47
46
45
44
java.io.FileNotFoundException: http://www.cis.upenn.edu/~matuszek/cis554-2012/Pages/resources.html
43
42
41
40
39
38
37
36
35
34
35
36
37
38
39
40
41
42
43
42
43
44
45
46
45
46
47
48
49
50
49
50
51
52
53
54
55
56
55
54
53
52
51
50
49
48
47
46
45
44
43
44
45
46
47
java.io.FileNotFoundException: http://www.cis.upenn.edu/~matuszek/cit591-2012/Assignments/Assignments/03-license-plates.html
48
47
46
45
44
43
42
41
40
39
40
41
42
43
44
45
46
47
48
49
50
51
52
53
54
55
56
57
58
59
60
61
60
61
62
61
60
59
58
57
56
55
54
53
52
53
54
53
54
55
56
57
58
59
60
61
60
61
62
61
62
63
64
65
66
67
68
69
70
71
72
73
74
75
76
77
76
77
76
75
74
73
72
71
70
69
68
67
66
65
64
63
62
63
64
65
66
67
68
69
70
71
72
java.io.FileNotFoundException: http://www.cis.upenn.edu/~matuszek/cis554-2010/ConciseGuides/concise-erlang.html
73
74
75
76
77
78
79
80
79
80
81
80
79
78
77
76
75
74
73
72
71
70
69
68
67
66
65
64
63
62
61
62
63
64
65
66
65
66
67
68
67
68
69
70
71
72
73
74
75
76
77
78
79
80
79
78
79
78
77
76
75
74
73
72
71
70
69
70
71
72
73
72
73
74
75
76
75
76
75
76
75
76
77
76
77
76
75
74
75
76
77
78
79
78
79
80
81
82
83
84
85
86
87
88
89
90
89
90
89
90
89
90
91
92
91
92
91
90
89
88
87
86
85
84
83
82
83
84
85
86
85
86
87
88
89
90
java.io.FileNotFoundException: http://www.cis.upenn.edu/~matuszek/cit594-2010/Assignments/06-recognizer.html
91
java.io.FileNotFoundException: http://www.cis.upenn.edu/~matuszek/cis554-2012/Pages/resolution_solutions.html
92
93
94
93
94
95
96
97
98
99
100
101
102
103
104
105
104
105
106
107
108
107
108
109
108
107
106
105
104
103
102
101
100
99
98
97
96
95
94
93
92
91
90
89
88
87
86
85
84
83
82
81
80
79
80
81
82
83
84
85
86
87
88
89
88
87
86
85
84
83
82
81
80
79
78
77
76
75
74
73
72
73
74
75
76
75
74
73
72
71
70
69
70
71
72
73
74
75
76
77
78
79
80
79
80
81
82
83
82
83
84
83
84
85
84
83
82
81
80
79
78
77
76
75
76
75
74
75
74
75
76
75
76
77
78
79
80
79
78
77
76
75
74
73
74
75
76
77
76
75
74
73
72
71
70
java.io.FileNotFoundException: http://www.cis.upenn.edu/~matuszek/cit590-2010/Assignments/Pages/unit-testing-in-python.html
71
70
69
70
71
72
73
72
73
74
75
76
77
78
79
80
81
80
81
82
83
84
83
82
81
80
79
78
77
78
79
78
79
80
79
80
81
82
83
84
85
84
83
82
83
84
83
84
83
84
85
84
83
84
85
84
85
86
87
88
87
86
85
84
83
82
81
80
79
78
77
76
75
74
73
74
75
76
77
78
79
78
79
80
81
82
83
84
85
86
87
88
89
88
87
86
85
84
85
84
83
84
83
82
81
80
81
82
81
82
83
84
83
84
83
84
85
84
85
86
87
88
89
90
91
92
91
90
89
90
91
92
93
94
95
96
97
98
99
100
101
102
103
102
101
100
99
98
97
96
95
94
93
92
91
90
89
88
87
86
85
84
83
82
81
80
79
78
77
76
75
74
75
76
77
78
79
78
79
80
81
82
83
84
85
86
87
88
java.io.FileNotFoundException: http://www.cis.upenn.edu/~matuszek/cit591-2010/Assignments/06-mixed-strategy.html
89
90
91
90
91
92
93
94
95
96
95
96
95
96
97
98
99
98
97
98
99
100
101
102
101
102
103
104
103
104
103
102
101
100
99
98
97
96
95
94
93
92
91
90
89
88
87
86
85
86
85
84
83
84
83
82
81
80
79
78
77
76
75
74
73
74
73
72
71
70
69
68
69
70
71
70
71
72
73
74
75
76
77
78
79
80
81
82
83
82
83
84
85
84
85
84
83
84
85
86
87
88
87
86
87
88
89
90
89
90
91
90
89
88
87
86
85
84
83
82
81
80
79
78
77
76
75
74
73
72
71
70
69
68
67
java.io.FileNotFoundException: http://www.cis.upenn.edu/~matuszek/cit590-2010/Pages/unit-testing-in-java.html
68
69
70
71
72
73
74
75
76
77
78
79
78
79
78
79
80
81
82
83
84
85
86
87
88
89
88
89
90
91
90
91
92
91
92
93
94
95
94
93
92
91
92
91
92
93
94
95
96
97
96
95
96
97
98
97
96
95
94
93
92
91
90
89
90
91
90
89
88
87
86
85
84
83
82
81
80
79
78
77
76
75
74
73
72
73
74
75
76
77
78
79
80
81
82
83
82
81
80
79
78
77
78
79
80
81
82
83
84
85
86
87
88
89
88
87
88
89
90
89
88
87
86
85
86
87
88
87
86
85
84
83
82
83
82
83
84
83
84
85
86
87
86
87
86
85
84
85
86
87
88
87
88
89
88
89
90
89
88
87
88
89
88
87
86
85
84
83
82
81
80
79
78
77
76
75
76
77
78
79
80
81
82
83
84
85
86
87
88
89
90
91
90
89
88
87
86
87
88
87
86
85
84
83
82
81
80
79
78
77
78
77
76
77
78
77
76
77
78
77
78
79
80
81
80
81
82
83
82
83
84
83
84
83
84
85
86
87
86
85
86
85
84
83
82
81
82
81
82
83
84
85
86
87
88
89
90
91
90
91
java.io.FileNotFoundException: http://www.cis.upenn.edu/~matuszek/cit591-2005/Pages/Assignments/10-lines-of-action.html
92
91
92
93
94
95
96
97
98
99
100
101
102
103
104
105
106
107
108
109
110
111
112
113
114
115
116
117
118
117
118
119
120
121
120
119
120
119
120
121
122
121
122
123
124
123
124
125
124
125
124
125
124
125
126
127
128
127
128
129
130
129
130
131
132
133
134
135
136
135
134
java.io.FileNotFoundException: http://www.cis.upenn.edu/~matuszek/cit591-2005/Pages/Assignments/10a-lines-of-action.html
135
136
137
136
137
138
139
140
139
138
137
136
135
134
133
132
131
130
129
128
127
126
125
124
123
122
121
120
119
118
117
116
115
114
113
112
111
110
109
108
107
106
105
104
103
102
101
100
99
100
101
100
99
98
97
96
95
94
93
92
91
92
93
94
95
96
97
98
99
98
99
100
101
102
103
104
103
104
103
104
105
106
105
104
105
106
107
108
109
110
111
112
113
114
115
116
117
118
119
118
119
118
117
116
115
114
113
112
111
110
109
108
107
106
105
104
103
102
101
100
99
98
97
96
95
96
95
94
93
92
93
92
91
90
89
88
87
88
89
88
87
88
89
90
89
90
91
90
91
92
91
90
91
92
93
94
95
96
97
98
99
100
101
102
103
104
103
104
105
106
107
108
107
108
109
108
109
108
109
110
109
110
109
108
107
106
105
106
105
104
105
104
103
102
101
100
101
102
103
104
java.io.FileNotFoundException: http://www.cis.upenn.edu/~matuszek/cit591-2005/Pages/Pages/o-o-concepts.html
105
104
105
104
105
106
107
108
107
108
109
110
111
110
111
112
111
112
113
114
115
116
115
114
113
112
111
110
109
108
107
106
105
104
105
106
107
java.io.FileNotFoundException: http://www.cis.upenn.edu/~matuszek/cit591-2005/Pages/Assignments/9-memorization.html
108
107
108
107
106
105
104
103
102
101
100
99
100
101
102
103
104
105
106
107
108
109
110
109
108
109
110
111
112
113
114
113
114
115
116
117
118
117
118
117
118
119
118
119
118
117
118
119
120
119
120
121
120
119
120
java.io.FileNotFoundException: http://www.cis.upenn.edu/~matuszek/cit591-2005/Pages/Assignments/8a-drake-equation.html
121
122
123
124
123
122
121
122
123
124
123
122
121
120
119
java.io.FileNotFoundException: http://www.cis.upenn.edu/~matuszek/cit590-2010/Pages/o-o-concepts.html
118
117
116
115
114
113
112
111
110
109
108
107
106
105
104
103
102
101
102
103
104
105
106
105
104
103
104
105
104
105
106
105
106
107
106
107
108
107
108
109
108
109
110
111
112
111
112
113
112
113
112
113
114
115
114
115
116
115
114
115
114
115
116
115
116
117
118
117
116
115
114
113
114
115
114
113
114
113
112
111
110
109
108
107
106
105
java.io.FileNotFoundException: http://www.cis.upenn.edu/~matuszek/cit591-2005/Pages/Pages/style-rules.html
104
103
102
103
104
105
104
105
106
105
106
105
106
107
106
105
104
105
104
103
102
101
102
103
104
105
104
105
106
107
108
107
108
107
108
109
110
111
112
113
114
115
116
115
116
117
118
119
120
121
122
121
122
123
122
123
124
123
122
123
122
121
120
119
120
121
122
121
120
119
118
117
116
115
114
113
112
113
114
115
116
117
118
119
120
121
122
123
122
121
122
123
124
123
122
121
120
119
118
117
116
115
114
113
112
111
110
109
110
111
112
113
114
115
116
117
118
119
120
121
122
123
124
125
124
125
126
127
128
129
130
131
132
131
130
129
128
127
126
125
124
123
122
121
120
121
120
121
120
121
122
123
124
123
124
123
122
123
124
125
126
127
126
127
126
127
126
127
126
125
124
123
122
121
120
119
118
117
118
119
118
117
116
115
116
115
116
115
114
115
114
113
112
111
110
109
108
107
108
109
110
111
112
113
114
115
116
117
118
117
118
119
120
121
120
121
122
123
124
125
124
123
122
121
120
121
120
121
122
121
120
119
118
java.io.FileNotFoundException: http://www.cis.upenn.edu/~matuszek/cit591-2005/Pages/Examples/JavadocExample.html
117
116
115
114
113
112
111
112
111
110
109
108
107
108
109
108
109
110
109
110
111
112
111
112
111
110
109
108
109
110
109
110
111
110
109
108
109
110
111
112
111
112
113
112
113
114
115
114
115
114
115
114
113
112
111
112
111
112
111
112
113
114
113
114
113
112
113
112
111
112
113
112
111
112
113
114
113
112
111
110
109
108
107
106
105
104
105
104
105
104
103
104
103
104
105
104
103
102
103
102
101
102
103
104
105
106
105
106
107
java.io.FileNotFoundException: http://www.cis.upenn.edu/~matuszek/cit591-2005/Pages/Assignments/6a-translation.html
108
java.io.FileNotFoundException: http://www.cis.upenn.edu/~matuszek/cit594-2007/Assignments/interpreter/class-use/Tree.html
java.io.FileNotFoundException: http://www.cis.upenn.edu/~matuszek/cit591-2005/Pages/Assignments/6-teams.html
107
108
109
108
109
108
109
110
109
110
111
110
109
108
109
110
111
112
113
112
111
112
113
java.io.FileNotFoundException: http://www.cis.upenn.edu/~matuszek/cit594-2007/Assignments/interpreter/package-tree.html
114
113
114
115
116
115
116
115
114
113
114
115
114
115
116
117
116
117
118
119
120
119
118
117
116
115
114
113
112
111
112
113
112
111
112
113
114
115
116
117
118
119
118
117
116
115
114
115
114
115
114
115
114
115
114
113
114
113
112
111
java.io.FileNotFoundException: http://www.cis.upenn.edu/~matuszek/cit591-2005/Pages/Assignments/5a-sudoku-gui.html
110
111
112
113
114
115
114
113
112
111
112
111
110
109
108
107
106
105
106
105
106
105
104
105
104
105
106
105
106
107
108
109
110
111
112
111
112
111
112
111
110
111
java.io.FileNotFoundException: http://www.cis.upenn.edu/~matuszek/cit591-2005/Pages/Assignments/5-sudoku.html
112
113
114
115
116
117
118
java.io.FileNotFoundException: http://www.cis.upenn.edu/~matuszek/cit591-2005/Pages/Assignments/3a-pig.html
119
120
121
122
121
120
119
118
117
116
115
114
113
112
113
114
113
114
115
116
117
118
119
120
121
120
119
118
119
118
117
116
117
116
115
116
115
114
113
112
111
110
109
110
109
110
109
108
109
110
109
110
111
112
113
114
115
116
115
114
113
112
113
112
111
112
113
112
113
114
115
116
117
118
119
118
117
116
115
116
java.io.FileNotFoundException: http://www.cis.upenn.edu/~matuszek/cit591-2005/Pages/Assignments/2a-collatzs-problem.html
117
java.io.FileNotFoundException: http://www.cis.upenn.edu/~matuszek/cit594-2008/Assignments/07-parser.html
116
115
114
115
116
117
116
117
118
119
118
117
116
115
114
113
112
111
110
109
108
107
108
109
110
111
112
113
112
111
110
109
108
107
108
109
110
111
112
113
114
115
116
115
114
115
114
115
116
117
118
119
120
119
118
117
116
115
114
113
112
111
110
109
108
107
108
107
108
107
108
109
110
111
110
109
108
109
110
111
110
111
112
113
114
115
116
117
118
119
120
121
122
121
122
123
122
121
122
123
122
121
120
119
118
117
116
115
114
113
112
111
110
111
112
113
114
113
114
115
114
115
116
115
114
113
114
115
116
117
118
119
120
121
120
119
118
117
116
115
114
113
114
115
116
117
116
117
116
117
118
119
118
117
116
115
116
115
114
115
116
115
114
115
116
117
118
119
118
119
120
121
122
123
122
121
120
java.io.FileNotFoundException: http://www.cis.upenn.edu/~matuszek/cit594-2008/Assignments/bug-language.html
119
120
121
122
123
124
123
122
121
120
119
118
117
116
115
114
113
112
111
110
111
112
113
112
113
112
113
114
115
116
117
118
119
120
121
120
119
120
121
122
123
124
125
124
125
124
123
122
121
120
119
118
117
116
115
114
115
116
117
118
119
120
119
118
117
116
115
114
113
112
111
110
109
110
111
110
111
110
109
110
109
108
109
110
111
110
109
110
111
110
111
112
111
110
111
112
113
114
115
114
115
116
117
116
115
116
115
116
117
116
117
118
117
116
115
114
113
112
111
112
113
114
115
116
117
118
119
120
121
122
123
124
123
124
125
124
123
122
123
124
123
124
123
122
121
120
119
118
117
116
115
114
113
java.io.FileNotFoundException: http://www.cis.upenn.edu/~matuszek/cit594-2007/Exams/final-exam.html
112
111
110
109
108
109
108
109
108
107
106
107
108
109
110
109
108
109
110
111
110
111
110
111
112
111
112
113
114
113
114
115
116
115
114
java.io.FileNotFoundException: http://www.cis.upenn.edu/~matuszek/cit594-2004/Assignments/BeeperHunt/Antares/index-files/index-1.html
113
114
113
114
113
112
111
110
109
110
111
112
113
112
113
112
111
112
111
112
113
114
113
114
115
114
113
112
113
112
111
110
109
108
109
110
109
108
109
110
111
112
111
112
111
110
111
112
113
114
113
112
111
110
109
108
107
108
109
110
111
112
111
112
111
110
109
110
109
110
109
110
111
112
113
114
115
116
115
114
115
114
113
114
113
112
111
110
109
108
109
108
107
106
105
106
105
104
103
104
105
106
107
108
107
108
109
110
109
110
111
112
111
110
109
108
107
108
107
106
105
104
105
106
105
104
103
104
103
102
103
104
103
104
105
106
107
106
107
108
109
110
109
108
107
106
107
108
109
110
109
110
111
110
111
110
111
110
109
108
107
108
107
106
107
108
107
106
105
104
103
102
101
100
99
98
99
100
101
100
101
100
101
102
101
100
99
98
97
96
97
96
97
98
99
98
97
98
99
100
101
102
103
104
103
102
101
100
101
102
103
104
103
104
103
104
103
104
103
104
105
106
107
108
109
108
109
108
109
110
111
110
111
110
109
108
107
106
107
106
107
108
109
110
111
112
113
112
111
110
109
110
109
110
111
112
java.io.FileNotFoundException: http://www.cis.upenn.edu/~matuszek/cit594-2004/Assignments/BeeperHunt/Antares%20II/index-files/index-1.html
113
112
111
110
109
108
107
108
109
108
109
110
109
110
111
112
111
110
111
112
111
112
113
114
113
112
111
112
111
110
111
112
111
110
109
108
107
108
109
108
107
108
109
108
107
106
107
106
107
106
107
106
105
106
107
106
105
104
java.io.FileNotFoundException: http://www.cis.upenn.edu/~matuszek/cit594-2004/Tests/._final-answers.html
105
106
105
106
105
106
105
106
105
106
105
106
105
106
105
104
103
102
101
100
99
98
97
96
97
96
97
96
95
94
93
92
93
94
93
92
93
94
95
94
93
94
95
94
93
92
93
java.io.FileNotFoundException: http://www.cis.upenn.edu/~matuszek/cit597-2002/Pages/blackboard.html
92
91
90
89
88
87
86
85
84
83
82
81
82
81
80
79
78
77
76
75
74
75
74
73
72
71
70
69
68
java.io.FileNotFoundException: http://www.cis.upenn.edu/~matuszek/cit591-2004/Lab%20partners/lab-2004-09-24.html
67
66
65
64
63
62
61
60
59
60
59
58
57
56
55
56
55
54
53
52
51
50
49
48
47
46
45
44
43
42
41
40
39
38
37
36
35
36
37
36
37
36
35
34
33
32
31
30
29
28
29
28
27
26
25
26
27
26
25
24
23
22
21
22
21
20
21
22
21
22
23
24
25
26
27
28
27
26
25
24
23
22
21
20
19
18
19
18
17
16
15
14
13
12
11
10
9
8
7
6
5
4
3
2
1
0
